# OEIS A112509
# Maximum number of distinct integers represented by substrings of an n-bit binary number
# n=1..80: Martin Fuller (OEIS)
# n=81..111: Proven by branch-and-bound (this project)
#
1 1
2 3
3 5
4 7
5 10
6 13
7 17
8 22
9 27
10 33
11 40
12 47
13 55
14 64
15 73
16 83
17 94
18 106
19 118
20 131
21 145
22 160
23 176
24 192
25 209
26 227
27 246
28 265
29 285
30 306
31 328
32 351
33 375
34 399
35 424
36 450
37 477
38 504
39 532
40 561
41 591
42 622
43 654
44 687
45 720
46 754
47 789
48 825
49 862
50 899
51 937
52 977
53 1017
54 1058
55 1100
56 1143
57 1186
58 1230
59 1275
60 1321
61 1368
62 1416
63 1465
64 1514
65 1564
66 1615
67 1667
68 1720
69 1774
70 1828
71 1884
72 1941
73 1998
74 2056
75 2115
76 2175
77 2236
78 2298
79 2360
80 2423
81 2487
82 2552
83 2618
84 2685
85 2753
86 2822
87 2892
88 2963
89 3034
90 3106
91 3179
92 3253
93 3328
94 3404
95 3480
96 3557
97 3635
98 3714
99 3794
100 3875
101 3957
102 4040
103 4124
104 4209
105 4295
106 4381
107 4468
108 4556
109 4645
110 4735
111 4826
