# OEIS A112510
# Smallest n-bit number achieving A112509(n) distinct substring values
# n=1..80: Martin Fuller (OEIS)
# n=81..111: Proven by branch-and-bound (this project)
#
1 0
2 2
3 6
4 12
5 28
6 56
7 116
8 244
9 488
10 984
11 2008
12 4016
13 8048
14 16240
15 32480
16 64968
17 129992
18 261064
19 522128
20 1044264
21 2088552
22 4177512
23 8371816
24 16743632
25 33487312
26 66976208
27 134085072
28 268170144
29 536340304
30 1072680624
31 2145361584
32 4290748080
33 8585715376
34 17171430752
35 34342862176
36 68685823328
37 137405300064
38 274810600128
39 549621200288
40 1099242400608
41 2198484801376
42 4396969613152
43 8793942382432
44 17590035404640
45 35180070809280
46 70360141618592
47 140720283278752
48 281440591764896
49 562915568475552
50 1125831136951104
51 2251524734121696
52 4503324547806944
53 9006649095613888
54 18013298191887808
55 36026597189742016
56 72055394208705984
57 144110788417411968
58 288221576834823952
59 576443153669648016
60 1152886307339333264
61 2305772614689189520
62 4611545255158705808
63 9223231273586093712
64 18446462547172187424
65 36892925094344374880
66 73785850188688898656
67 147571700377461832288
68 295143401167324559968
69 590291306346677385824
70 1180573603019694665360
71 2361147209338596486800
72 4722330450773419093648
73 9444660901546838187296
74 18889321803093676374624
75 37778643606187357485664
76 75557287212380088416864
77 151114574477542108412512
78 302230301929370755250784
79 604460603858741510501552
80 1208921207717483021003104
81 2417842415434966042078992
82 4835684830869932084157984
83 9671369661739864168315984
84 19342739323479728336632016
85 38685478646959456975812816
86 77370957293919601448941776
87 154741914601350689277311184
88 309484419512023223639701712
89 618968839024046447279403424
90 1237937678048092894558806944
91 2475875356096185790327808928
92 4951750712192377079423951776
93 9903501424600932439730021280
94 19807021738883974638923015072
95 39614043477767949277846030144
96 79228086955535898555692060304
97 158456173911071797111384120976
98 316912347822143594222786125456
99 633824695644287188445572298960
100 1267649391288574376891144597920
101 2535298782577148753782289195936
102 5070597565154297507719340090272
103 10141195130308596422968325432224
104 20282390260727874717908553425824
105 40564799864379545141855804711840
106 81129599728759090283711609423680
107 162259199457518180567423218847376
108 324518398915036361134846437695120
109 649036797830072722269694018395792
110 1298073595660145444541863080959632
111 2596147191320290934122197479792272
