# OEIS A112511
# Largest n-bit number achieving A112509(n) distinct substring values
# n=1..80: Martin Fuller (OEIS)
# n=81..111: Proven by branch-and-bound (this project)
#
1 1
2 2
3 6
4 14
5 29
6 61
7 123
8 244
9 500
10 1004
11 2009
12 4057
13 8121
14 16243
15 32627
16 65267
17 130535
18 261066
19 523210
20 1046474
21 2092954
22 4185909
23 8371816
24 16760424
25 33521256
26 67042536
27 134085073
28 268302801
29 536607185
30 1073214417
31 2146428840
32 4292857688
33 8585715377
34 17175649969
35 34351324849
36 68702650033
37 137405300067
38 274844253539
39 549688606051
40 1099377212771
41 2198754425571
42 4397508851143
43 8795017702321
44 17590035404643
45 35182221449059
46 70364446054243
47 140728892118883
48 281457784237777
49 562915568475555
50 1125865521896867
51 2251731069001123
52 4503324547806947
53 9006924175177443
54 18013848552011491
55 36027697104352995
56 72055394208705991
57 144112988246633927
58 288225977299234247
59 576451954599128519
60 1152903909198261703
61 2305807818396523427
62 4611615636793046856
63 9223231273586093713
64 18446603310440869521
65 36893206646662065809
66 73786413293334654609
67 147572826586669346449
68 295145653173338692913
69 590291306346677385827
70 1180587116705383037539
71 2361165225386709546824
72 4722330450773419093649
73 9444696933643064307345
74 18889393870585335770769
75 37778787741171343814289
76 75557575482342688812689
77 151115150964685377625393
78 302230301929370755250787
79 604461756833028048927331
80 1208923513718838029433443
81 2417847027437681432312419
82 4835694054875362869361251
83 9671388109750725738722897
84 19342776219501451477445795
85 38685552439002902954962708
86 77371104878005805909925521
87 154742209756011611819851057
88 309484419512023223639702115
89 618969429333368292364483171
90 1237938858680248071108393571
91 2475877717360496829714102883
92 4951755434720993659730754147
93 9903510869441987319461508323
94 19807021738883974638923016647
95 39614062367450059037309004231
96 79228124735116296355500124615
97 158456249470232598209768581575
98 316912498940465196420747356615
99 633824997880930392841496947143
100 1267649995761860785682993898405
101 2535299991523721571365987796901
102 5070599983047443142731975593803
103 10141199966094886285463952226514
104 20282399932189772570927904453074
105 40564799864379545141855808906149
106 81129619071682885989750311478181
107 162259238143476453851472521323429
108 324518476286952909110474683704229
109 649036952573905818221104124912549
110 1298073905147811636442208384312229
111 2596147810295623272884416768624549
