# OEIS A156022
# Maximum number of distinct positive integers from substrings of an n-bit binary number
# Derived: A156022(n) = A112509(n) - 1
# n=1..80: Martin Fuller (OEIS)
# n=81..111: Proven by branch-and-bound (this project)
#
1 1
2 2
3 4
4 6
5 9
6 12
7 16
8 21
9 26
10 32
11 39
12 46
13 54
14 63
15 72
16 82
17 93
18 105
19 117
20 130
21 144
22 159
23 175
24 191
25 208
26 226
27 245
28 264
29 284
30 305
31 327
32 350
33 374
34 398
35 423
36 449
37 476
38 503
39 531
40 560
41 590
42 621
43 653
44 686
45 719
46 753
47 788
48 824
49 861
50 898
51 936
52 976
53 1016
54 1057
55 1099
56 1142
57 1185
58 1229
59 1274
60 1320
61 1367
62 1415
63 1464
64 1513
65 1563
66 1614
67 1666
68 1719
69 1773
70 1827
71 1883
72 1940
73 1997
74 2055
75 2114
76 2174
77 2235
78 2297
79 2359
80 2422
81 2486
82 2551
83 2617
84 2684
85 2752
86 2821
87 2891
88 2962
89 3033
90 3105
91 3178
92 3252
93 3327
94 3403
95 3479
96 3556
97 3634
98 3713
99 3793
100 3874
101 3956
102 4039
103 4123
104 4208
105 4294
106 4380
107 4467
108 4555
109 4644
110 4734
111 4825
