# OEIS A156025
# Number of n-bit binary strings achieving A112509(n) distinct substring values
# n=1..80: Martin Fuller (OEIS)
# n=81..111: Proven by branch-and-bound (this project)
#
1 2
2 1
3 1
4 3
5 2
6 6
7 5
8 1
9 4
10 5
11 2
12 8
13 10
14 4
15 16
16 22
17 12
18 2
19 10
20 19
21 17
22 7
23 1
24 5
25 9
26 7
27 2
28 11
29 24
30 28
31 20
32 9
33 2
34 10
35 18
36 14
37 4
38 26
39 68
40 94
41 78
42 44
43 18
44 4
45 22
46 46
47 46
48 22
49 4
50 29
51 104
52 4
53 20
54 36
55 28
56 8
57 52
58 140
59 202
60 168
61 80
62 20
63 2
64 14
65 40
66 60
67 50
68 22
69 4
70 152
71 23
72 2
73 14
74 40
75 60
76 50
77 22
78 4
79 32
80 104
81 179
82 187
83 156
84 156
85 155
86 103
87 38
88 6
89 44
90 132
91 208
92 182
93 84
94 16
95 132
96 471
97 954
98 1206
99 985
100 535
101 236
102 144
103 101
104 44
105 8
106 60
107 190
108 331
109 345
110 218
111 80
