# OEIS A156023
# n*(n+1)/2 - A112509(n): complement count of binary substring values
# Derived: A156023(n) = n*(n+1)/2 - A112509(n)
# n=1..80: Martin Fuller (OEIS)
# n=81..111: Proven by branch-and-bound (this project)
#
1 0
2 0
3 1
4 3
5 5
6 8
7 11
8 14
9 18
10 22
11 26
12 31
13 36
14 41
15 47
16 53
17 59
18 65
19 72
20 79
21 86
22 93
23 100
24 108
25 116
26 124
27 132
28 141
29 150
30 159
31 168
32 177
33 186
34 196
35 206
36 216
37 226
38 237
39 248
40 259
41 270
42 281
43 292
44 303
45 315
46 327
47 339
48 351
49 363
50 376
51 389
52 401
53 414
54 427
55 440
56 453
57 467
58 481
59 495
60 509
61 523
62 537
63 551
64 566
65 581
66 596
67 611
68 626
69 641
70 657
71 672
72 687
73 703
74 719
75 735
76 751
77 767
78 783
79 800
80 817
81 834
82 851
83 868
84 885
85 902
86 919
87 936
88 953
89 971
90 989
91 1007
92 1025
93 1043
94 1061
95 1080
96 1099
97 1118
98 1137
99 1156
100 1175
101 1194
102 1213
103 1232
104 1251
105 1270
106 1290
107 1310
108 1330
109 1350
110 1370
111 1390
