# OEIS A156024
# n*(n+1)/2 - A156022(n): complement count of positive binary substring values
# Derived: A156024(n) = n*(n+1)/2 - A156022(n) = n*(n+1)/2 - A112509(n) + 1
# n=1..80: Martin Fuller (OEIS)
# n=81..111: Proven by branch-and-bound (this project)
#
1 0
2 1
3 2
4 4
5 6
6 9
7 12
8 15
9 19
10 23
11 27
12 32
13 37
14 42
15 48
16 54
17 60
18 66
19 73
20 80
21 87
22 94
23 101
24 109
25 117
26 125
27 133
28 142
29 151
30 160
31 169
32 178
33 187
34 197
35 207
36 217
37 227
38 238
39 249
40 260
41 271
42 282
43 293
44 304
45 316
46 328
47 340
48 352
49 364
50 377
51 390
52 402
53 415
54 428
55 441
56 454
57 468
58 482
59 496
60 510
61 524
62 538
63 552
64 567
65 582
66 597
67 612
68 627
69 642
70 658
71 673
72 688
73 704
74 720
75 736
76 752
77 768
78 784
79 801
80 818
81 835
82 852
83 869
84 886
85 903
86 920
87 937
88 954
89 972
90 990
91 1008
92 1026
93 1044
94 1062
95 1081
96 1100
97 1119
98 1138
99 1157
100 1176
101 1195
102 1214
103 1233
104 1252
105 1271
106 1291
107 1311
108 1331
109 1351
110 1371
111 1391
